data_in = [-0.05197215, -0.76642488, -0.19160712, -0.14971237,  0.89273159,
        -0.22615947, -1.01529401, -0.5377085 , -0.56631501,  0.96519226,
         0.48314251, -0.04109975, -0.21413869, -0.46385767,  2.08382877,
        -0.43127717, -0.34170284, -0.47988588, -0.38917388, -0.10110126,
        -0.04109975, -0.13747852,  0.8988475 , -0.59228141, -0.14371515,
        -0.15549797, -0.27961012, -0.0713074 , -0.04109975, -0.20979534,
        -0.04109975, -0.10929498, -0.04109975, -0.19160712, -0.18682616,
        -0.0713074 , -0.04109975, -0.14371515, -0.04109975, -0.40905114,
        -0.04109975, -0.14971237, -0.27608884, -0.05817297, -0.19160712,
        -0.0713074 , -0.17693035, -0.08240856, -0.05817297, -0.13747852,
        -0.25044763, -0.04109975, -0.11694107, -0.10929498, -0.08240856,
        -0.09221389, 17.19011344, -0.08240856, -0.04109975, -0.27253507,
        -0.04109975, -0.27961012, -0.0713074 , -0.10110126, -0.30675062,
        -0.20979534, -0.08240856, -0.0713074 , -0.11694107, -0.0713074 ,
        -0.04109975, -0.04109975, -0.04109975,  0.        , -0.10110126,
        -0.10110126, -0.16109487, -0.0713074 , -0.05817297, -0.05817297,
        -0.12414088, -0.0713074 , -0.05817297, -0.05817297, -0.0713074 ,
        -0.04109975, -0.05817297, -0.10929498, -0.04109975, -0.04109975,
        -0.05817297, -0.10929498, -0.04109975, -0.18682616, -0.04109975,
        17.19011344, -0.40905114, -0.37760017, -0.05817297, -0.08240856,
        -0.17693035, -0.26532454, -0.11694107, -0.27253507, -0.56891187,
        -0.32610318, -0.22261519, -0.08240856, -0.05817297, -0.11694107,
        -0.13747852, -0.10110126, -0.14371515, -0.09221389, -0.10110126,
        -0.10929498, -0.27608884, -0.10929498, -0.21413869, -0.45578428,
         2.69000207, -0.24275208, -0.23486196, -0.16109487, -0.16109487,
        -0.26894745, -0.28656027, -0.04109975, -0.08240856, -0.60787746,
        -0.11694107, -0.12414088,  2.0278237 , -0.13096816, -0.0713074 ,
        -0.13096816, -0.10110126, -0.14971237, -0.0713074 , -0.09221389,
        -0.05817297, -0.22261519, -0.10929498, -0.0713074 , -0.09221389,
        -0.05817297, -0.39489925, -0.23083754, -0.09221389, -0.04109975,
        -0.10110126, -0.18682616, -0.08240856, -0.15549797, -0.05817297,
        -0.33239568, -0.14971237, -0.08240856, -0.21841058, -0.04109975,
        -0.04109975, -0.12414088, -0.19628779, -0.13096816, -0.23486196,
        -0.17179607, -0.10929498,  2.41165751, -0.44766601, -0.7679924 ,
        -0.13096816, -0.18193693, -0.16109487, -0.56371782,  0.        ,
         0.65228887, -0.65228887]